1 0.821875 0 0.8109375 0 0.7515625 0.0484375 0.7296875 0.0765625 0.73125 0.08125 0.7609375 0.0703125 0.7890625 0.034375 0.8140625 0.0203125 0.8328125 0
1 0.1671875 0 0.15696875 0 0.1640625 0.0140625 0.178125 0.0359375 0.19375 0.0421875 0.2375 0.0828125 0.2485328125 0.10731093750000001 0.25579999999999997 0.1298375 0.2609375 0.134375 0.26427812500000003 0.129353125 0.2652484375 0.1252359375 0.259375 0.10625 0.246875 0.0765625 0.21875 0.04375 0.202509375 0.0373046875 0.1921875 0.028125 0.1828125 0.0265625 0.1734375 0.0078125 0.1741671875 0
3 0 0.484375 0 0.9641546875 0.10845625 0.9984375 0.272059375 0.9984375 0.32720625000000003 0.9984375 0.381434375 0.9439343750000001 0.46507343749999996 0.859375 0.5193015625 0.7987124999999999 0.5670953125 0.7619484375 0.5358453125 0.6829046875 0.5 0.631434375 0.46875 0.5808828125 0.44209531249999995 0.5193015625 0.41911718750000004 0.45680156250000004 0.3924625 0.4237125 0.36029374999999997 0.414521875 0.303309375 0.446690625 0.272059375 0.3887875 0.265625 0.368565625 0.2362125 0.32536718750000004 0.1893375 0.30974218750000004 0.1433828125 0.35569843749999996 0.1066171875 0.397059375 0.068934375 0.4375 0.0257359375 0.45220625
3 0.6473890625000001 0.0408546875 0.631675 0.0801375 0.6253890625 0.11549218750000001 0.616746875 0.156346875 0.5868921874999999 0.1909171875 0.5578218749999999 0.23020000000000002 0.50596875 0.2765546875 0.5130390625000001 0.3213375 0.542109375 0.34569218749999997 0.654459375 0.3205515625 0.6976703125 0.35276406250000003 0.7173125 0.3834046875 0.73066875 0.40618906250000003 0.7565953125 0.4384015625 0.780165625 0.4635421875 0.8304484375 0.4871125 0.8713031250000001 0.48082812500000005 0.9239421875 0.4611859375 0.943584375 0.43682968750000006 0.9200140625 0.40540312500000003 0.9011578124999999 0.3912609375 0.8736609375000001 0.34726406249999997 0.8650171875 0.3221234375 0.8383046875 0.263984375 0.7785953125 0.1649890625 0.7597390625 0.14456249999999998 0.73616875 0.11077812499999999 0.724384375 0.0801375 0.7063140625 0.047925 0.6819578125 0.035354687499999995
1 0.5068312500000001 0.293478125 0.4909921875 0.2972046875 0.48074374999999997 0.30838437500000004 0.476784375 0.3190984375 0.4709609375 0.3251546875 0.45791875 0.3305109375 0.4546578125 0.33540312499999997 0.45046406250000004 0.3426234375 0.44557343749999995 0.3496109375 0.439284375 0.3559 0.42857031250000005 0.3640515625 0.42228125 0.37080625 0.41529375 0.379425 0.39176875 0.38920781249999997 0.38711093750000003 0.39363281250000004 0.37779375000000004 0.4010859375 0.384315625 0.40667656250000006 0.4031828125 0.3961953125 0.4171578125 0.38990625 0.426240625 0.38384999999999997 0.43439375 0.3715046875 0.44417656250000004 0.364284375 0.4551234375 0.3584625 0.46164531249999996 0.3470484375 0.46746718749999994 0.33749843749999997 0.47818125 0.32888125 0.491225 0.313275 0.49937812499999995 0.30489062499999997 0.505665625 0.3016296875
1 0.87078125 0.48343749999999996 0.8764062499999999 0.48046875 0.88640625 0.4846875 0.8931250000000001 0.48890625 0.9048437500000001 0.48921875000000004 0.91015625 0.49578125 0.91765625 0.49703125000000004 0.92671875 0.49734375000000003 0.938125 0.5003124999999999 0.9578125 0.5037499999999999 0.9685937499999999 0.50609375 0.97578125 0.5090625 0.98015625 0.51890625 0.98375 0.5240625 0.991875 0.52578125 0.9984375 0.5337500000000001 0.9984375 0.53953125 0.9884375000000001 0.533125 0.97828125 0.5296875 0.96609375 0.52578125 0.960625 0.5154687499999999 0.9581250000000001 0.5121875 0.94765625 0.51078125 0.9375 0.50875 0.9228125 0.50578125 0.90234375 0.50171875 0.9012499999999999 0.4965625 0.8901562500000001 0.49468750000000006 0.8817187499999999 0.49093749999999997 0.8778124999999999 0.48734374999999996
1 0.1148765625 0.3109046875 0.156465625 0.27895156249999997 0.188165625 0.24344843749999998 0.21048125 0.23178281250000002 0.23355781250000002 0.227471875 0.261453125 0.21808906249999999 0.31572187500000004 0.20693125 0.35502968749999997 0.1962796875 0.3791203125 0.19729531250000001 0.40143593749999995 0.20160625 0.437446875 0.2028734375 0.459509375 0.20262031249999998 0.4640734375 0.1942515625 0.43617812499999997 0.19120781250000002 0.40371875 0.1894328125 0.395096875 0.1889265625 0.3821640625 0.18309375 0.3618765625 0.17751406249999999 0.34235000000000004 0.181571875 0.32561249999999997 0.188165625 0.2906171875 0.192984375 0.2535921875 0.1891796875 0.24243437499999998 0.201859375 0.22442968749999997 0.2114953125 0.2061703125 0.2160609375 0.1836 0.22316093750000002 0.1724421875 0.232290625 0.1544375 0.252578125 0.1278109375 0.28250156249999997 0.1009296875 0.303803125 0.07988125 0.319271875 0.06796250000000001 0.3299234375 0.052523437500000006 0.3398140625 0.05632812499999999 0.35655000000000003 0.073571875 0.3499578125 0.0898015625 0.33220625 0.10729999999999999 0.3200328125
1 0.24 0.22937500000000002 0.2828125 0.2503125 0.3025 0.2509375 0.31265624999999997 0.26703125 0.32203125 0.2778125 0.32765625 0.27156250000000004 0.3209375 0.26140625 0.316875 0.2521875 0.3053125 0.23921874999999998 0.29562499999999997 0.23390624999999998 0.2803125 0.2328125 0.268125 0.22953125000000002 0.2628125 0.22640625 0.25609375 0.22171875000000002
1 0.63125 0 0.65046875 0.039375 0.6578125 0.03765625 0.65703125 0.033437499999999995 0.651875 0.024375 0.6503125 0.02 0.6481250000000001 0.014687500000000001 0.64359375 0.0078125 0.63875 0
1 0.45671875 0.5506249999999999 0.4815625 0.53046875 0.49437499999999995 0.52 0.5120312499999999 0.5181250000000001 0.5253125 0.514375 0.5359375 0.51046875 0.5454687500000001 0.51125 0.5428124999999999 0.5171875 0.5348437500000001 0.51953125 0.52640625 0.52265625 0.5203125 0.525625 0.50875 0.52734375 0.49437499999999995 0.5328125 0.4615625 0.5589062499999999
1 0.71796875 0.39109375 0.7103125 0.39640624999999996 0.6978125000000001 0.4 0.6871875000000001 0.40046875000000004 0.6754687500000001 0.39484375 0.6643749999999999 0.39328124999999997 0.65359375 0.3915625 0.63734375 0.38984375 0.6364062500000001 0.3975 0.64640625 0.39984375 0.6615624999999999 0.401875 0.67359375 0.40640625 0.6810937499999999 0.41125 0.69375 0.41187500000000005 0.7025 0.40812499999999996 0.71265625 0.4025 0.723125 0.39703125