0 0.4875 0.8833333333333333 0.445 0.91 0.4075 0.96 0.39 0.9633333333333334 0.375 0.98 0.3775 0.9933333333333333 0.6775 0.9933333333333333 0.67 0.97 0.6575 0.97 0.635 0.94 0.615 0.9366666666666666 0.6075 0.9233333333333333 0.5875 0.92 0.5525 0.8933333333333333 0.5075 0.89 0.495 0.8833333333333333
0 0.415 0.7733333333333333 0.375 0.79 0.3625 0.8033333333333333 0.3575 0.8166666666666667 0.3575 0.8333333333333334 0.3625 0.8433333333333334 0.3625 0.85 0.37 0.86 0.3825 0.8666666666666667 0.435 0.8733333333333333 0.4375 0.87 0.4725 0.8666666666666667 0.48 0.8633333333333333 0.4925 0.8466666666666667 0.4975 0.8466666666666667 0.51 0.81 0.5075 0.8033333333333333 0.4975 0.7966666666666666 0.49 0.7866666666666666 0.4775 0.78 0.47 0.78 0.4675 0.7766666666666666 0.43 0.7766666666666666 0.4275 0.7733333333333333
0 0.275 0.93 0.2575 0.9433333333333334 0.2525 0.9433333333333334 0.2425 0.9533333333333334 0.225 0.9566666666666667 0.205 0.9866666666666667 0.2025 0.9966666666666667 0.33 0.9966666666666667 0.33 0.9833333333333333 0.3275 0.98 0.3275 0.9733333333333334 0.32 0.96 0.3175 0.96 0.3125 0.9533333333333334 0.295 0.95 0.2775 0.93
0 0.8825 0.76 0.8775 0.7633333333333333 0.87 0.78 0.8625 0.7833333333333333 0.8525 0.7966666666666666 0.8525 0.8066666666666666 0.8575 0.8133333333333334 0.8675 0.8166666666666667 0.8775 0.8333333333333334 0.8975 0.8466666666666667 0.9025 0.8466666666666667 0.9525 0.8766666666666667 0.9975 0.8933333333333333 0.9975 0.8066666666666666 0.99 0.8066666666666666 0.98 0.8 0.97 0.8 0.945 0.7866666666666666 0.9425 0.79 0.9125 0.77 0.905 0.77 0.8875 0.76
0 0.42 0.7 0.4175 0.7033333333333334 0.4075 0.7033333333333334 0.405 0.7066666666666667 0.395 0.71 0.39 0.7166666666666667 0.39 0.7233333333333334 0.395 0.73 0.415 0.7433333333333333 0.43 0.7466666666666667 0.4325 0.75 0.44 0.75 0.4425 0.7533333333333333 0.4525 0.7533333333333333 0.455 0.7566666666666667 0.4575 0.7533333333333333 0.475 0.7533333333333333 0.4775 0.75 0.505 0.75 0.51 0.7466666666666667 0.51 0.7333333333333333 0.5125 0.73 0.51 0.7233333333333334 0.485 0.7066666666666667 0.4775 0.7066666666666667 0.475 0.7033333333333334 0.4675 0.7033333333333334 0.465 0.7 0.46 0.7033333333333334 0.445 0.7033333333333334 0.4425 0.7
0 0.355 0.6566666666666666 0.3525 0.66 0.3325 0.66 0.33 0.6633333333333333 0.3225 0.6633333333333333 0.315 0.67 0.305 0.6733333333333333 0.3 0.6833333333333333 0.31 0.6933333333333334 0.3225 0.6933333333333334 0.325 0.6966666666666667 0.3275 0.6933333333333334 0.3675 0.6933333333333334 0.37 0.69 0.3825 0.6866666666666666 0.3875 0.68 0.39 0.68 0.3925 0.6733333333333333 0.3925 0.6633333333333333 0.3875 0.66 0.3575 0.66
0 0.4925 0.6266666666666667 0.49 0.63 0.4675 0.63 0.46 0.6366666666666667 0.4475 0.64 0.44 0.65 0.44 0.66 0.4625 0.6866666666666666 0.4725 0.6866666666666666 0.4825 0.6933333333333334 0.53 0.6933333333333334 0.5325 0.69 0.56 0.69 0.5725 0.6766666666666666 0.5725 0.6633333333333333 0.55 0.64 0.545 0.64 0.53 0.63 0.505 0.63 0.5025 0.6266666666666667
0 0.4975 0.5766666666666667 0.4875 0.5833333333333334 0.4825 0.59 0.4475 0.59 0.445 0.5933333333333334 0.4225 0.5933333333333334 0.4175 0.5966666666666667 0.4175 0.6033333333333334 0.42 0.61 0.425 0.61 0.4275 0.6133333333333333 0.45 0.6133333333333333 0.4525 0.6166666666666667 0.475 0.6166666666666667 0.4775 0.62 0.4875 0.62 0.49 0.6166666666666667 0.4925 0.62 0.495 0.6166666666666667 0.5025 0.6166666666666667 0.505 0.6133333333333333 0.515 0.61 0.5175 0.6066666666666667 0.5175 0.6 0.5225 0.5933333333333334 0.5275 0.5933333333333334 0.53 0.59 0.53 0.5866666666666667 0.525 0.5833333333333334 0.52 0.5833333333333334 0.5175 0.58 0.5075 0.58 0.505 0.5766666666666667
0 0.44 0.5666666666666667 0.4375 0.57 0.395 0.57 0.3925 0.5733333333333334 0.36 0.5733333333333334 0.3575 0.5766666666666667 0.3575 0.5833333333333334 0.365 0.5833333333333334 0.3675 0.5866666666666667 0.46 0.5866666666666667 0.4625 0.5833333333333334 0.47 0.5833333333333334 0.4775 0.5766666666666667 0.475 0.5733333333333334 0.4625 0.5733333333333334 0.46 0.57 0.4525 0.57 0.45 0.5666666666666667
0 0.3725 0.5266666666666666 0.365 0.5366666666666666 0.3675 0.5433333333333333 0.39 0.5433333333333333 0.395 0.54 0.395 0.5333333333333333 0.3875 0.5266666666666666
0 0.6275 0.6566666666666666 0.625 0.66 0.6275 0.6666666666666666 0.645 0.67 0.65 0.71 0.6575 0.7233333333333334 0.68 0.74 0.7075 0.7433333333333333 0.71 0.74 0.7325 0.7366666666666667 0.7375 0.7333333333333333 0.7375 0.7233333333333334 0.7475 0.7 0.7075 0.67 0.68 0.6566666666666666 0.66 0.65 0.645 0.65