1 0.5296875 0.7609375 0.44836875000000004 0.7724390624999999 0.393721875 0.7751265625 0.375 0.771875 0.3531859375 0.778709375 0.3274296875 0.77535 0.309375 0.778125 0.3421875 0.7859375 0.4484375 0.7796875 0.5359375 0.7671875 0.5390625 0.7609375
1 0.84375 0.696875 0.8328125 0.7078125 0.8234375 0.709375 0.80625 0.7328125 0.79375 0.734375 0.796875 0.74375 0.775 0.7640625 0.753125 0.771875 0.753125 0.778125 0.7765625 0.775 0.8125 0.7421875 0.825 0.7203125 0.8484375 0.70625 0.85 0.696875
1 0.990625 0.5703125 0.9671875 0.5875 0.9328125 0.6359375 0.959375 0.609375 0.96875 0.5921875 0.9984375 0.5765625 0.9984375 0.5703125 0.9921875 0.5703125
1 0.928125 0.6390625 0.896875 0.65625 0.8859375 0.675 0.9015625 0.6671875 0.928125 0.6453125 0.9296875 0.6390625
1 0.865625 0.68125 0.8546875 0.6953125 0.8765625 0.68125
1 0.1310921875 0.9984375 0.1324828125 0.9079109375 0.133078125 0.79509375 0.1350640625 0.76430625 0.13983125000000002 0.7605328124999999 0.1400296875 0.7774156249999999 0.14022812499999998 0.8113796875 0.140428125 0.8358109375 0.13963281249999998 0.8743437500000001 0.13705 0.8810968750000001 0.134865625 0.9051312499999999 0.13903749999999998 0.9170484374999999 0.1388390625 0.92499375 0.1352625 0.927575 0.13903749999999998 0.9607453125 0.149365625 0.975840625 0.1678375 0.9984375
1 0.1436046875 0.7523890625 0.150159375 0.75715625 0.157509375 0.757553125 0.1640640625 0.7563609375 0.1726046875 0.75894375 0.183528125 0.76430625 0.1878984375 0.7651015625 0.2041859375 0.7668890625 0.215109375 0.7653 0.2262328125 0.75795 0.2317953125 0.7553687499999999 0.24132812499999998 0.7539781249999999 0.2534453125 0.7539781249999999 0.2651640625 0.7537796875 0.277478125 0.7587453125 0.2870125 0.762915625 0.29495781249999997 0.769271875 0.299525 0.78059375 0.30270312499999996 0.791915625 0.3052859375 0.809790625 0.3007171875 0.809990625 0.2979359375 0.797278125 0.29595 0.7865515624999999 0.293765625 0.78059375 0.28383437499999997 0.772053125 0.278271875 0.7680796875 0.271121875 0.7654984375 0.2546359375 0.7619234374999999 0.2482796875 0.761525 0.2399375 0.7631140624999999 0.22444531250000002 0.7702656250000001 0.220275 0.77701875 0.21034375 0.7754296875 0.199815625 0.77344375 0.186309375 0.7708609375 0.17776875 0.7662921875 0.1662484375 0.7635125 0.1503578125 0.7631140624999999 0.143009375 0.7609296875
1 0.1426125 0.711471875 0.14718124999999999 0.7166359375 0.147578125 0.7239859375 0.146584375 0.7321296875 0.1436046875 0.739875 0.143009375 0.7436499999999999 0.1426125 0.7599359375 0.13605781249999999 0.7587453125 0.13705 0.713259375 0.1388390625 0.7071031249999999
1 0.0945453125 0.9984375 0.09653125 0.932540625 0.098915625 0.8324343750000001 0.1009015625 0.7076984375 0.10288749999999999 0.6570484375000001 0.1040796875 0.537875 0.108646875 0.41055624999999996 0.110634375 0.306278125 0.1112296875 0.2393421875 0.11381250000000001 0.17776875 0.116790625 0.100503125 0.1207640625 0.1009015625 0.124934375 0.10666093750000001 0.1233453125 0.11381250000000001 0.12314687499999999 0.13605781249999999 0.13903749999999998 0.1455921875 0.1414203125 0.1499609375 0.1257296875 0.151153125 0.12175625000000001 0.160090625 0.122353125 0.1680359375 0.1251328125 0.173596875 0.1247359375 0.178165625 0.12175625000000001 0.18114531250000002 0.11837968750000001 0.23000625000000002 0.1245375 0.2325890625 0.1251328125 0.239540625 0.119175 0.24569843750000003 0.118578125 0.2506640625 0.11818124999999999 0.31501875 0.1251328125 0.322565625 0.118578125 0.3291203125 0.1156 0.40717968750000005 0.1209625 0.40896718749999994 0.11639375 0.41393281249999997 0.1134140625 0.49179375 0.12056562500000001 0.49815 0.113215625 0.50629375 0.11381250000000001 0.5807781249999999 0.11818124999999999 0.5849484375 0.11877656249999999 0.589715625 0.11401093749999999 0.59646875 0.11202343749999999 0.60183125 0.1136125 0.66320625 0.1197703125 0.6701578125000001 0.12533125 0.6739328125 0.1201671875 0.6771109375 0.1126203125 0.6842609375 0.1090453125 0.6886296875 0.1098390625 0.7448406249999999 0.113215625 0.7537796875 0.116790625 0.7595390625 0.1173875 0.7637109375 0.1098390625 0.766490625 0.1090453125 0.773840625 0.10884687500000001 0.7821828125 0.10705781249999999 0.7887375 0.10606562500000001 0.7982703124999999 0.106859375 0.8254828125 0.10705781249999999 0.8350171874999999 0.110434375 0.843359375 0.1136125 0.846934375 0.10924375 0.8755359374999999 0.10606562500000001 0.8763296875 0.104278125 0.8818921874999999 0.1112296875 0.8846718750000001 0.11103125 0.89063125 0.10825 0.8955968750000001 0.10586718749999999 0.9043359375 0.1090453125 0.9359171875 0.1076546875 0.9458484374999999 0.10249062499999999 0.955184375 0.10368124999999999 0.9984375
1 0.127715625 0 0.1271203125 0.01529375 0.13268125 0.023834374999999998 0.1306953125 0.0448890625 0.1338734375 0.052237500000000006 0.1445984375 0.057203125 0.1438046875 0.0595875 0.13725 0.059984375 0.1306953125 0.0651484375 0.12553125 0.07488125 0.1243390625 0.0792515625 0.1215578125 0.0953390625 0.1219546875 0.0995109375 0.116790625 0.10010625 0.1179828125 0.0899765625 0.11718906250000001 0.03336875 0.1165921875 0.00814375 0.11996875 0
1 0.5827359375000001 0.9984375 0.5852671875000001 0.863725 0.5875453125 0.7206984375000001 0.5971656249999999 0.697915625 0.599696875 0.5862796875 0.6024812500000001 0.47363125000000006 0.609315625 0.3030125 0.612353125 0.1468234375 0.614125 0.08935937499999999 0.6153906250000001 0 0.6237453125 0.000253125 0.6224796875 0.089865625 0.6209609375 0.12226875 0.6202015624999999 0.1977046875 0.612859375 0.4624921875 0.6090625000000001 0.5827359375000001 0.606278125 0.6288078125000001 0.6034937499999999 0.7174078125000001 0.59995 0.7260156249999999 0.5936203124999999 0.73538125 0.5936203124999999 0.8247406249999999 0.5905828125 0.86575 0.5910890625 0.8849890625000001 0.5908359375 0.99814375