1 0.3 0.234375 0.2890625 0.25 0.2890625 0.271875 0.303125 0.33125 0.303125 0.39375 0.2984375 0.4 0.303125 0.4140625 0.296875 0.4984375 0.3 0.521875 0.2921875 0.565625 0.296875 0.5984375 0.3125 0.61875 0.315625 0.659375 0.3203125 0.64375 0.3234375 0.540625 0.3203125 0.440625 0.3140625 0.3015625 0.30625 0.240625 0.3015625 0.2359375
1 0.2890625 0.0078125 0.2875 0.0984375 0.2828125 0.1125 0.2875 0.13125 0.2875 0.1703125 0.3 0.1921875 0.30625 0.178125 0.3046875 0.1265625 0.3125 0.04375 0.3046875 0.0328125 0.3051625 0 0.2893734375 0
1 0.3171875 0.6875 0.3109375 0.7234375 0.3157890625 0.7896359375 0.3160921875 0.8803859375 0.319128125 0.99541875 0.3215578125 0.9984375 0.32459375 0.9875281250000001 0.3252015625 0.8157375 0.326415625 0.7128453125 0.31875 0.6875
1 0.2890625 0.90625 0.2515625 0.9078125 0.25 0.9109375 0.27542187500000004 0.912984375 0.303125 0.9125 0.31875 0.9171875 0.33125 0.9203125 0.3828125 0.9375 0.390625 0.9375 0.39375 0.9328125 0.4 0.93125 0.4265625 0.9390625 0.4375 0.9375 0.434375 0.93125 0.4234375 0.93125 0.4125 0.925 0.4 0.9234375 0.3828125 0.928125 0.35625 0.921875 0.3375 0.9140625 0.3109375 0.9109375 0.3 0.90625
1 0.5109375 0.9375 0.509375 0.9390625 0.4953125 0.9390625 0.490625 0.940625 0.4921875 0.9421875 0.496875 0.940625 0.5015625 0.9421875 0.5046875 0.940625 0.50625 0.9421875 0.5171875 0.9421875 0.51875 0.94375 0.52953125 0.9446875 0.5359375 0.9484375 0.546875 0.95625 0.5546875 0.959375 0.56875 0.9625 0.5765625 0.9609375 0.58125 0.959375 0.5953125 0.959375 0.5984375 0.95625 0.5765625 0.95625 0.575 0.9578125 0.5703125 0.9578125 0.56875 0.95625 0.5625 0.95625 0.546875 0.9515625 0.54375 0.9484375 0.53453125 0.94296875 0.525 0.9390625 0.5125 0.9390625
1 0.35 0.65625 0.334375 0.659375 0.3328125 0.6625 0.3359375 0.6640625 0.3484375 0.6625 0.3703125 0.6671875 0.39375 0.665625 0.4125 0.675 0.4421875 0.6671875 0.4609375 0.66875 0.4703125 0.6671875 0.475 0.6640625 0.475 0.659375 0.46875 0.659375 0.4078125 0.665625 0.3953125 0.659375 0.3875 0.659375 0.3796875 0.6625 0.3671875 0.6609375 0.35625 0.65625
1 0.2140625 0.3296875 0.2109375 0.334375 0.2125 0.3921875 0.2203125 0.4453125 0.2328125 0.4640625 0.2328125 0.509375 0.228125 0.5265625 0.23453125 0.5548437500000001 0.2328125 0.5703125 0.2265625 0.584375 0.21875 0.590625 0.221875 0.6 0.2375 0.575 0.240625 0.55734375 0.23671875 0.5265625 0.24109375000000002 0.4971875 0.240625 0.471875 0.2359375 0.453125 0.225 0.4375 0.2234375 0.4046875 0.2171875 0.3890625 0.2171875 0.3796875 0.2234375 0.3796875 0.2234375 0.3640625 0.2140625 0.340625 0.215625 0.33125
1 0.2234375 0.2359375 0.2234375 0.240625 0.221875 0.2421875 0.221875 0.2703125 0.221875 0.2734375 0.221875 0.28125 0.2203125 0.2828125 0.2203125 0.29375 0.221875 0.2953125 0.221875 0.3046875 0.2203125 0.30625 0.221875 0.309375 0.2203125 0.3125 0.221875 0.3171875 0.2203125 0.31875 0.2203125 0.325 0.22531249999999997 0.32390625 0.225 0.2921875 0.2265625 0.2640625 0.2265625 0.2578125 0.2265625 0.25 0.2265625 0.24375 0.2265625 0.2375 0.225 0.2359375
1 0.0796875 0.8 0.05625 0.8109375 0.028125 0.809375 0.0078125 0.83125 0 0.8265625 0 0.8359375 0.0109375 0.8390625 0.03125 0.8171875 0.0609375 0.8171875 0.084375 0.8
1 0.0421875 0.2484375 0.0390625 0.253125 0.0625 0.35625 0.0546875 0.3875 0.0578125 0.43125 0.05 0.4609375 0.053125 0.4953125 0.0546875 0.45625 0.0609375 0.446875 0.0640625 0.4140625 0.059375 0.3921875 0.0671875 0.353125 0.0578125 0.2953125 0.04375 0.25
1 0.60625 0.1609375 0.55625 0.1703125 0.503125 0.2015625 0.4828125 0.2015625 0.471875 0.209375 0.4375 0.203125 0.421875 0.2109375 0.36875 0.2109375 0.3515625 0.203125 0.35625 0.209375 0.390625 0.2171875 0.4046875 0.2140625 0.4328125 0.2203125 0.4390625 0.209375 0.475 0.215625 0.4859375 0.209375 0.503125 0.209375 0.5484375 0.1796875 0.6171875 0.165625 0.609375 0.1609375
3 0.22558906250000002 0.13154531249999998 0.23828125 0.16443125 0.2486671875 0.1903953125 0.28616874999999997 0.2042421875 0.3063625 0.1869328125 0.3334796875 0.1748171875 0.36751875 0.1765484375 0.3900203125 0.1898171875 0.36001875 0.20020312499999998 0.347903125 0.22558906250000002 0.3040546875 0.229628125 0.25674375 0.24347500000000002 0.22674218750000003 0.235396875 0.19097187499999999 0.2319359375 0.169625 0.22443437500000002 0.1621234375 0.21001093750000002 0.16443125 0.1852015625 0.18058593750000002 0.16673906249999998 0.1978953125 0.1534703125
1 0.2109375 0 0.209375 0.05 0.215625 0.0703125 0.215625 0.1171875 0.21347343749999997 0.13846875 0.2227046875 0.13154531249999998 0.2203125 0.0765625 0.2140625 0.0359375 0.21875 0
1 0.159815625 0.215203125 0.1367375 0.2238578125 0.12116093750000001 0.218665625 0.11423749999999999 0.21347343749999997 0.0980828125 0.21001093750000002 0.087696875 0.20885781250000002 0.080196875 0.22443437500000002 0.0761578125 0.2377046875 0.0576953125 0.238859375 0.03519375 0.238859375 0.0144234375 0.2319359375 0.0005765625 0.2377046875 0 0.22674218750000003 0.012115625 0.22328125000000001 0.029425 0.226165625 0.0346171875 0.23020468749999998 0.0484640625 0.22674218750000003 0.0623109375 0.2238578125 0.069234375 0.218665625 0.076734375 0.2071265625 0.0848125 0.20135625 0.0934671875 0.20020312499999998 0.1101984375 0.2025109375 0.128084375 0.209434375 0.13904531250000002 0.21001093750000002 0.1592390625 0.2036640625